acc: 0.7481455316142706
prec: 0.7255963457959737
recall: 0.7771335386845443
f1: 0.7504811898512687